BACKGROUND_NAME level2_bg.png
IMAGE_NAME level2_tile.png
TILE_COUNT 16
0 0 128 128
128 0 128 128
256 0 128 128
384 0 128 128
0 128 128 128
128 128 128 128
256 128 128 128
384 128 128 128
0 256 128 128
128 256 128 128
256 256 128 128
384 256 128 128
0 384 128 128
128 384 128 128
256 384 128 128
384 384 128 128
CHEST_DETAILS 650 60 100
GRID 16 12
06 00 00 00 00 00 00 00 00 00 00 00 00 00 00 04
06 00 00 00 00 00 00 00 00 00 00 00 00 00 00 04
06 00 00 00 00 00 00 00 00 00 00 00 00 00 00 04
06 00 00 00 00 00 00 00 00 00 00 00 00 00 00 04
06 00 00 14 15 15 15 15 00 00 00 00 00 00 00 04
06 00 00 00 00 00 00 00 00 00 00 00 00 00 00 04
10 03 00 00 00 00 00 00 00 00 00 00 00 00 00 04
05 10 03 00 00 00 00 00 00 00 00 00 00 00 00 04
05 09 13 01 02 03 00 00 00 00 00 00 00 00 00 04
06 00 00 04 05 06 00 00 00 00 00 00 00 00 00 04
06 00 00 04 05 06 00 00 00 00 01 02 03 00 00 04
10 11 02 08 05 10 02 02 02 02 08 05 10 02 07 08